0.000000 1.000000
0.100000 0.849434
0.200000 0.706353
0.300000 0.574913
0.400000 0.458007
0.500000 0.357186
0.600000 0.272763
0.700000 0.204030
0.800000 0.149556
0.900000 0.107478
1.000000 0.075763
1.100000 0.052413
1.200000 0.035605
1.300000 0.023764
1.400000 0.015591
1.500000 0.010060
1.600000 0.006388
1.700000 0.003994
1.800000 0.002460
1.900000 0.001493
2.000000 0.000894
2.100000 0.000528
2.200000 0.000308
2.300000 0.000177
2.400000 0.000101
2.500000 0.000056
2.600000 0.000031
2.700000 0.000017
2.800000 0.000009
2.900000 0.000005
3.000000 0.000003
3.100000 0.000001
3.200000 0.000001
3.300000 0.000000
3.400000 0.000000
3.500000 0.000000
3.600000 0.000000
3.700000 0.000000
3.800000 0.000000
3.900000 0.000000
4.000000 0.000000
4.100000 0.000000
4.200000 0.000000
4.300000 0.000000
4.400000 0.000000
4.500000 0.000000
4.600000 0.000000
4.700000 0.000000
4.800000 0.000000
4.900000 0.000000
5.000000 0.000000
5.100000 0.000000
5.200000 0.000000
5.300000 0.000000
5.400000 0.000000
5.500000 0.000000
5.600000 0.000000
5.700000 0.000000
5.800000 0.000000
5.900000 0.000000
6.000000 0.000000
6.100000 0.000000
6.200000 0.000000
6.300000 0.000000
6.400000 0.000000
6.500000 0.000000
6.600000 0.000000
6.700000 0.000000
6.800000 0.000000
6.900000 0.000000
7.000000 0.000000
7.100000 0.000000
7.200000 0.000000
7.300000 0.000000
7.400000 0.000000
7.500000 0.000000
7.600000 0.000000
7.700000 0.000002
7.800000 0.000006
7.900000 0.000022
8.000000 0.000070
8.100000 0.000203
8.200000 0.000549
8.300000 0.001373
8.400000 0.003203
8.500000 0.006990
8.600000 0.014320
8.700000 0.027634
8.800000 0.050389
8.900000 0.087088
9.000000 0.143081
9.100000 0.224097
9.200000 0.335519
9.300000 0.481506
9.400000 0.664110
9.500000 0.882605
9.600000 1.133191
9.700000 1.409160
9.800000 1.701528
9.900000 2.000000
